590067714
378425347
494747654
215517191
1052860428
279969805
85469197
73330703
1355909132
563933198
340221970
150892556
484661268
137334807
323395608
463196186
913805339
79900698
75081757
704434205
207724573
253212700
592027675
111065122
1057255460
215529509
272230438
790487079
711675943
1091031079
884385830
160892972
867199020
647745591
1381257272
75089978
354850879
1081124929
541481026
508618820
498339909
84885574
1074507850
185237578
76699727
193181775
1020815439
998568017
860504144
1125521492
1275430991
1053268058
147247199
931307617
73330785
73330788
181891173
82077798
201853034
293820524
1243705452
1205352558
880791662
1337100398
962990192
94793843
130068596
1159170164
305590390
1158889592
140685432
825614458
130062462
1377151103
193128576
958179457
733644928
702998658
281315460
1212397705
424693902
335536272
1160036500
490297492
923017367
275458204
1384638621
161198236
358555806
255293600
1329524900
1184022695
1009430695
1006403754
278579370
73799860
387946678
1140596919
80867514
1065068732
1100949693
1192761536
99193025
127051968
82014403
799645891
290783428
863897795
429668551
923017416
726606023
1365858497
1168126157
73330895
268252729
122415315
455065811
840534227
122384595
157915351
1183017174
333093081
1097371866
1107712211
1117202653
1228706016
1059573987
1117556964
264665317
521945322
492175596
1123922160
362115318
191303933
1090822398
1080467712
385452290
202795271
1200361736
250392840
503341322
990302477
955939085
275699983
210065679
1119389968
354947346
201984275
81873172
1301362964
1043994904
120975641
577192220
1099053340
267972899
361910564
741742885
73797923
218290471
293953832
1012570406
651219242
129700138
121493804
1175777581
121493799
988176687
453044527
543379761
402176307
206197047
858124601
740675898
79063354
1223715132
972511552
921854276
429201733
347793733
455078215
257573196
403272013
773017934
124686671
908153168
386003279
117752146
78311760
1317493077
1377413462
83052889
302184794
1047335260
278974813
1151856991
123885923
1334991206
551719271
1378685290
1087926635
703889772
1078714736
876523888
263170419
259725683
292026740
730188152
197308794
1067688314
76591483
1380252026
162197885
937685375
646537599
427774337
267350404
216662405
1291526534
1382244741
1374910857
279241099
1046219148
319637902
1053581711
384522641
294367635
294367636
260626837
292651411
118720919
209377688
595892633
948976028
92723614
593432991
969519520
1078765985
452161951
879268256
334244254
1299915173
121809318
608065959
1123488172
1027264941
304855471
1115818419
296237493
966670774
268003768
584092091
1056838077
264659389
287113664
207251905
82108868
979020229
79743431
154597838
202883543
1030232536
1077418457
630839767
215863771
659155419
670966237
77840861
83653087
341623264
824445407
201671138
515547619
482331108
316045799
792424937
314020330
1217657323
173429229
1287225837
206404080
280789489
129950199
1017074168
437299706
844102142
967352832
706492929
257473028
510036484
550248966
485501445
1396058631
79424011
283605519
1033292305
1369393683
886538772
160256534
507888150
207936024
935002648
663872027
77244958
214886950
318345767
261059112
94571049
1198694952
381702699
1070322219
290951725
1233834541
201376301
111530542
1078112813
1382371884
261059123
79016499
268800565
1039692339
80028216
325534266
220281403
655135292
470622782
1201314368
270424643
680768069
789568069
304114245
212382281
811377230
660099665
93424211
273410644
211872343
838091356
717265500
1364128350
1072159330
183589475
152564324
595399272
379613801
1129802347
92613227
1170934381
372386413
152564333
215450224
427166321
1091709555
1369393780
105441909
372257397
377008759
111094393
796183168
73329284
316019334
1264843400
1253110409
300765836
73329293
788236947
412457621
329937558
121393815
719585944
1093028505
77001367
566985372
1069757084
343417505
398500515
161481381
119843495
1045990056
480787112
1324249769
977676980
1151634104
1123095226
271210495
405271228
768142013
626299586
75092679
821746377
191636169
957430475
1044753097
910990031
288838352
1389951701
332516054
73331418
329208542
1122376417
371233507
545919715
270037732
475878118
477024998
256580326
336184040
934820588
1198732014
331535091
220400371
994349813
1352051443
966501112
992207609
116073210
74173178
73329404
119777571
935092991
261735167
1076462336
259744514
1049039619
201806599
135709448
313848583
521964299
296475404
794030859
73331469
366349073
73329429
394775318
1126251286
152249110
252623641
1025399574
493845276
355187485
278981407
103496481
428761890
1054081827
703720228
1089022756
211872550
1131365157
289338154
267047723
264665898
91472687
360084272
657476401
640246578
580709168
1371294511
1333193523
1130464057
76583739
1323836220
470623037
120329020
420543296
258935617
424397634
523121474
458066753
1010686786
1091308358
292027206
1085301578
1358451531
738433869
391332685
1242364752
1150124880
1081244497
513506131
210903888
477248343
1330684764
299346780
847641439
1371558752
564001633
1391405921
302863207
1243247464
284148583
664503146
1093364587
917918570
91689834
86997870
963597166
292129648
200323953
283908977
470664050
79491957
179237749
421825401
268557178
282825594
104731516
592032637
331191165
73802620
73329536
327725953
253709184
862258051
877968260
1315040130
1024822151
216015753
303483786
969524107
284947339
291668879
148759439
524678035
444083093
984771479
272591768
945390489
917453719
564425626
390165399
1093272481
369757090
299436963
1076138916
268977062
568456106
78459818
387875756
396452781
1355889579
626471856
1345682353
219044787
80294837
128859062
972135351
406330298
1059509178
211207100
1148175292
77245374
1049183167
1134439359
490427327
490427324
736826307
189053885
470623173
1381147591
256177096
480486345
113310667
147907532
676135884
1073499086
267316175
593355728
160064459
73802706
901477333
152490967
120906714
73802717
332923870
202093535
396903391
179237854
73329638
1178704872
73331689
334724074
899636200
574192620
392721385
956742638
402183151
90983408
594676720
434136047
1399485424
201636852
902679542
185803769
73800698
572466171
751574016
120867842
908407811
862714883
837829637
1233384453
1098413063
472302597
1124566025
586730504
982033420
301683725
1068207118
1045873679
1029297168
1111786513
286098451
550308883
1222114325
993270804
929743897
387714074
799239198
509969439
1214452771
120980516
276268070
958764070
1371558952
110916650
285303850
375385132
1157796910
372573231
797129776
192820274
349625395
351065142
279428154
268985402
892107837
288508989
954139712
431852609
107134018
827919428
306390087
78007370
814025804
260537420
118678606
136840269
1240841298
258214995
385051731
1018381396
954100822
251507798
187812953
959222873
1272970334
135353439
326517856
83326050
1370096738
1347681383
179911785
307934313
80530543
155864176
411665520
359703665
518366323
1375630453
340137077
152022135
1048210550
436270201
1097690232
284445819
925156477
491945086
378557567
818930816
1170087042
173001861
1051557000
1234320525
1270922382
1194755213
706421907
1071578260
842818711
184472731
128978076
270572701
301231262
209859739
285260960
1109271715
206527655
1040614570
1332221101
1008577710
1111739567
435717297
408423602
942777522
540187826
274232502
594703545
170271930
108862656
966696129
276268226
706518211
1389231303
311325896
74837195
275948755
303277269
412308695
209659095
360234201
1150510297
302370014
437751010
201106659
339817701
1096830182
252251368
409287913
152788201
979752171
427377900
75519213
1010687213
189512936
1172589808
112831729
256945396
502414581
1033876726
259716343
77407482
73329918
257719552
582995201
213810432
203844864
74171648
264537349
1117951237
1170959623
428952840
201661703
558509322
1234085125
334564623
74374416
191712529
290618642
918732047
408567056
254465298
111082774
419818774
100441369
274681115
947191070
215516451
955596067
1070363940
262520106
120315179
418368811
959298859
1006030122
1238355247
647826736
80538924
1019700531
205372733
267726144
592284993
500673866
294540619
270421324
956638541
135066958
75908431
1258388821
283657561
698727774
152024419
1333605735
1161983336
906218859
252820844
252259693
124921198
207050092
1076405618
111121779
496893300
1118453108
152218998
251854201
1106548091
504642939
1058911614
278930814
413551999
1390304640
887248255
501575043
1148650883
177585541
306992520
1073298826
955266444
217390477
515839372
870239631
972414353
165244308
158004629
79898010
1345547675
1231654306
1047430562
276268454
661499303
312014249
1373523369
89603501
988177838
326120877
1212558767
1097108911
1088978354
147232181
160904630
395503030
189330872
73330106
352660924
923018685
883011006
1014654399
73330112
292025793
201598403
1097989571
598525381
1016212932
328074695
338560456
964902342
425369034
851004868
997522893
120724941
274089424
365567440
980669909
978298326
541752791
287700443
295908830
182496736
383084001
81501666
368403941
1042116072
264318446
966591983
290055666
963972595
1296639476
89017848
1256553977
672857593
496797178
313300476
253447675
1114062334
665964031
705029632
922398209
1073460738
733163012
267824646
1329229319
1340505607
1144712710
1352865294
852332047
252493329
733300242
138767891
1138081298
1209601557
561470997
294055449
1024247322
883308059
297680411
312884767
306300922
79138340
952002084
184671782
300822055
287700520
1244644906
81210923
778339885
892905009
1398685234
262227505
152016440
129166905
470623801
217652795
953290300
553539133
465081916
271081023
1242537529
393557569
1088015938
1296012870
969113159
292130379
1301190222
262205010
73330265
1055909466
507938401
699024993
329875043
901453417
1344003690
190516844
1064701549
304531053
1087110764
486946417
928933489
1208147571
385017460
557975157
360861303
954158712
251471480
82456189
536258179
1053898371
285097604
1358421638
274450056
282857096
135067274
596047499
1207627404
794234509
253191823
253191824
260335249
82034322
1348535955
254707344
1150088852
1210859152
115594899
98746009
502304410
939310746
1242416794
299826841
326301337
918896288
1353981603
1093570212
900015782
1208024744
197875368
1011668648
1168154281
1082504877
441028270
1045184175
79687345
990897842
313540278
1223782070
474472126
1039511233
290803395
952485574
917921478
993666762
592746186
80821962
1028908750
74071760
313417425
769189585
1323843282
266671828
1121427158
455020248
214353624
440985304
1212485340
265264862
1104535262
1197145825
581959393
826420969
933048043
208070383
884362991
1151555313
204570355
1155102452
184237813
960902903
355421944
1042368254
595117823
79677184
1308024579
350359306
282795787
379453196
923019021
196050704
789935889
630200082
74198801
351948564
1077045014
1359111959
105924375
78561049
275924761
307906331
354082588
1201250076
430333725
1251147551
1145222943
717235999
451295014
275834665
309907242
1087147821
1106206509
581324591
809264944
399247154
818198322
73330484
1366265653
416046902
1361764151
151230264
1247694648
1073989433
1087614779
306454334
978052928
1394255685
885960517
413869893
73330501
255434567
1031214925
386170702
1089216339
261465941
393525078
521594713
325404506
323983193
508647267
978546531
306106212
1338531691
410937196
1122785133
549899114
1097193327
127842171
350709629
942126974
323696512
1223800705
1044408194
425328515
354627460
481105796
260190086
1020880772
379076483
178145160
492152715
1049452428
1106679693
159752078
204818320
888637335
567232410
623400860
1043699613
380317598
381704095
349888416
1188487073
1038974883
1244649384
934576040
286889904
338552753
1099980720
1088587697
79497140
301295540
964063157
289484726
142870459
792092603
415535037
254113729
594419649
260716482
928159684
458827716
214071238
273450951
261654474
137254859
942696396
1090500561
214089682
404064215
91473880
154626007
211752923
207820765
74844126
582272991
208318433
659650530
1244784611
714231783
354668519
435836905
1092751338
1181233130
679462887
164829166
993044464
767016946
158175220
312418293
604880888
1279361017
262750202
1059045374
941907967
