1375630453
590067714
1249572191
945390489
1158889592
350709629
918896288
969524107
1054509922
1358571742
925156477
1090260338
1384700781
413879919
983808184
938456371
86997870
351948564
986653896
380317598
1332221101
1319419913
1183345770
1214452771
1326865967
1382351003
1223715132
733300242
1364128350
980461189
1102982843
1228706016
963972595
1193988503
980669909
993666762
954158712
1370728732
1266398652
1362761504
214089682
275699983
1375630453
394775318
590067714
1332221101
990897842
1278345733
1363738501
997522893
283657561
1249572191
1024247322
1088978354
1386896307
120315179
957430475
1366633318
1293860614
1345709834
990897842
120315179
957430475
1366633318
256945396
1093570212
1073499086
1270922382
1325401931
164829166
258214995
158004629
406250030
990871441
76699727
1164228167
1265831764
1097690465
319307387
369757090
394775318
1122376417
328074695
1100949693
929743897
1399009172
1199677372
438896324
494747654
1266839739
939175693
73330703
1169014616
1084245525
1204941994
1025244022
1068288639
978986960
1252503888
1040955947
275699983
1278345733
997522893
283657561
1024247322
1088978354
1386896307
1053268058
1209601557
1205352558
502304410
1279361017
253191824
1397768262
909552816
1045990056
1158759190
1121391184
993690946
1248086475
294540619
1256553977
1123488172
575358022
73329429
1039751243
73330265
183589475
1052860428
1078466875
1252878262
127842171
996338562
941313219
90983408
262520106
502854960
834629128
1212235695
980781096
121493804
480486345
1232428553
1333316223
855749951
1192375554
1163469799
1334878780
536258179
717407884
909705390
1102634452
947899573
643055307
160904630
1287225837
1184022695
1317493077
1098413063
201598403
1358421638
212382281
263170419
1347681383
1208024744
1191775648
170271930
173429229
1323836220
160892972
1350594046
1006403754
1344999619
477248343
201598403
263170419
1341785066
900015782
1398685234
954139712
958179457
412308695
1197145825
1352865294
595399272
1078765985
1201263130
1115048807
1030232536
755086884
1186396321
1065268116
605044861
1268732400
1287225837
1184022695
1228062573
135066958
1085301578
568456106
80867514
598525381
396903391
279428154
890669474
351065142
265029591
1046348579
1250310143
462098167
215516451
387875756
1027603976
381704095
470623037
811377230
792424937
406330298
1056838077
323696512
429668551
1362265919
152490967
1129802347
78007370
1358451531
303277269
206692617
1101322819
1300126888
590111326
1079105737
1315345371
211207100
1317493077
170271930
173429229
663939885
270572701
191303933
500673866
305590390
257441540
264318446
160256534
262026989
427774337
751574016
189219027
112831729
685821493
931319298
262026947
75908431
1358421638
1347681383
1208024744
1323836220
1006403754
477248343
1366265653
1120947649
1377151103
1068207118
1331519216
1097371866
1399630680
1139837809
849772346
592032637
1349931526
312014249
867630076
524002915
1212397705
1294858293
1233834541
719585944
1332221089
1376395241
948976028
703720228
1356567877
1168126157
1390040982
984771479
94571049
1139672164
1030050704
290803395
741742885
1382789861
1217521047
1101900764
1308024579
969519520
1251147551
1371558752
521945322
1384701024
847641439
1348535955
596047499
1175777581
647826736
1067688314
1270828712
905054765
1069757084
582272991
283908977
332516054
451295014
1279439804
905054765
582272991
283908977
451295014
1279439804
1341848099
1382804627
1059573987
640246578
818198322
921854276
1275097187
1251238874
1399378791
1367139815
501575043
626299586
789935889
1136251922
461802297
1308024579
969519520
521945322
1384701024
847641439
1348535955
596047499
1175777581
647826736
1270828712
1069757084
332516054
1324926439
844102142
1372137894
821746377
1087926635
1383599078
1093028505
207251905
1308024579
969519520
521945322
1384701024
847641439
1348535955
596047499
1175777581
647826736
1270828712
1069757084
332516054
1324926439
844102142
1372137894
821746377
1087926635
1383599078
1093028505
207251905
1067688314
1291526534
1381257272
886538772
200323953
892107837
372257397
1071469441
955266444
1029297168
988177838
1117951237
988176687
983386815
1073460738
1092800054
268003768
1045873679
1071472964
1064835727
1375263468
1268527882
1210796291
1260386680
278974813
1101973331
1374669280
1304455384
1375339408
1078480313
1238355247
1378621306
1376092824
1389933804
1287751932
1388743215
1302311533
1279516571
1093364587
1268361650
423454068
79687345
1052989183
1271472217
788236947
657476401
1001659715
997503357
251507798
1220200987
1270570754
362115318
120315823
413505303
121393815
286889904
639322542
94793843
1163226019
260190086
1200361736
917918570
1148175292
1027264941
1140596919
1222114325
1047335260
1089216339
1268047665
1057255460
965293227
1271131782
294055449
1382983397
121493675
929121341
135067274
1091709555
1166556648
1145990861
1373523369
137254859
216015753
1348831124
1125526907
1091308358
1376078271
152564333
390278738
1258388821
880741976
1050832450
944925529
1070649025
265264862
538401206
1244644906
631094342
211872550
196050704
265264862
923017416
1071578260
923019021
695108281
959298859
75519213
1017103666
480787112
1050712922
1090240258
333093081
1241536480
73331418
103496481
313540278
142870459
83326050
300765836
635143127
137254859
216015753
1125526907
1376078271
152564333
390278738
1258388821
880741976
1050832450
944925529
1070649025
538401206
631094342
211872550
196050704
352660924
1007053996
757953988
1375094641
82014403
1001264567
592746186
593432991
334564623
1017074168
490824164
1289046561
424397634
972414353
491945086
378557567
413740247
1099601901
1393824440
604880888
424693902
402176307
1353720736
363456848
1071230854
1020815439
704434205
1088015938
1082504877
1151634104
796183168
1229811822
425369034
582995201
558509322
935092991
913491428
341410942
662052408
1074177662
475883296
1071168932
1382286406
80028216
206197047
1373523369
1091308358
1244644906
956742638
129950199
963597166
992207609
1294403698
541401108
311325896
1292950516
301683725
366349073
1122754861
209659095
307934313
361910564
1097989571
672122575
1253570474
518366323
923018685
275924761
80821962
319637902
584092091
267316175
515547619
543379761
1031214925
508618820
452161951
428952840
474472126
879268256
207820765
1201250076
324475434
283338452
289904885
425328515
428761890
118720919
1397922161
481105796
1329785636
401300659
931307617
1167083383
152788201
99193025
562296100
1032909038
790021052
371233507
252623641
361378693
872194497
322936191
495504655
1028908750
152249110
790487079
953290300
733163012
350359306
325404506
1340505607
73329284
1051557000
260335249
420543296
470623801
1206175991
1377843908
1145222943
880791662
1078714736
1242416794
1198732014
152249110
325404506
260335249
880791662
189330872
191636169
1296639476
1350586048
284947339
1091402153
604656349
333225899
73329638
91689834
1376384137
351953012
1094372050
890348705
998250544
1197087242
1198732014
1234085125
1397652190
505246808
583254241
733644928
1027430378
933048043
1299915173
1099980720
541752791
1064701549
1140333666
1067005678
1297791208
386170702
411665520
1065964913
128978076
453647774
790487079
1340505607
420543296
1145222943
1078714736
1242416794
1059509178
521594713
203844864
942777522
705934263
1108263766
994349813
1294529191
216662405
1031099411
1099363803
845287058
1091448948
1146941306
1089022756
908407811
1244784611
261291929
1369393702
1387314675
1268851589
1042368254
1294061642
986595124
1137115592
849326609
428989929
1065985281
1351820224
1156154179
1190094109
1255562607
327466681
1150088852
1338531691
960902903
218290471
1183017174
1090500561
852332047
190516844
278930814
1012713381
827919428
1124566025
1020880772
1035433041
492152715
1270813772
966670774
970694987
975413460
484661268
295432673
908407811
261291929
1387314675
1042368254
1065985281
327466681
1150088852
426256771
1299485088
188674007
1382524785
917453719
1193331363
1148650883
279241099
260537420
1317853625
1277873664
1138942145
1227989146
1054081827
705029632
338560456
270037732
440404345
1035463116
699000974
268800565
884362991
959621656
184472731
738433869
1055909466
1230116944
1050853720
1073298826
961774064
429677585
1140300048
1386368930
111121779
1049039619
1382296264
541555808
296475404
1395529749
328574618
401639217
1192075386
1397864332
293820524
386003279
973535723
1098769127
957551796
372573231
635876988
969509765
689011035
992323617
523121474
1196069013
1385700943
1342426584
1234320525
1370092284
1352605298
1011668648
74844126
1355212895
282795787
561470997
842818711
470624027
1106620664
73329404
617416468
1378618386
430333725
79016499
282795787
430333725
292130379
252820844
359703665
909109652
292027206
458066753
294367636
1096749595
658291823
853868332
890522869
975868584
1378834101
665964031
312413895
1073124209
280274099
689329574
1385700943
1342426584
1234320525
1011668648
74844126
1355212895
561470997
842818711
73329404
617416468
79016499
1071831261
1367200795
1019576853
73802706
1080467174
1253186678
528458508
1073226719
586730504
826420969
1122785133
1014654399
1267174750
301295540
1378389941
453044527
1040614570
540187826
1127946001
349417657
1259581345
1273573998
919631690
398887225
1069871378
1058647602
1042827113
1249144291
1210590811
1139480348
1370051329
979020229
769189585
120906714
1204521130
1237401284
341623264
1173690032
415535037
955596067
1313660749
427166321
1241340018
130068596
892779679
1319947289
996103731
1336150688
220400371
1150510297
77001367
290783428
863897795
1378685290
1399017536
928159684
1359111959
1387547319
1346314086
594419649
1076405618
1296012870
1301362964
1333246914
1178704872
825376117
1392651803
1231654306
1268488944
1359111959
1268488944
870239631
1210859152
906218859
1106548091
1188487073
435836905
1377314108
192820274
1039708229
1345547675
1274217512
1138081298
1396992004
458827716
1008577710
1347626043
280383574
1159749342
77001367
863897795
1378685290
594419649
1231654306
1006557991
1053256064
1207627404
446611090
1348780221
812399885
1076713250
1353156092
1353597533
1090822398
928933489
306106212
1117556964
1187770032
1051156990
928159684
1296012870
1178704872
1392651803
1365858497
1294885433
1267097148
152022135
1377839475
1155097337
1347547333
383084001
594703545
1229401800
1322011998
1339952977
290055666
1336174427
910990031
1092751338
1076405618
1181233130
152016440
1134439359
967788304
201853034
730188152
1386234384
285260960
296237493
413551999
922398209
1123922160
1202441485
999098861
379613801
1056200096
313848583
1347049808
1038108799
1301362964
515839372
1160036500
1374910857
917921478
1107712211
490427327
485501445
553539133
391332685
490427324
964063157
661499303
838091356
1016212932
1390304640
978298326
899636200
1242364752
773017934
1399485424
966591983
253191823
1330684764
1328076836
276268226
274450056
957171516
507938401
335246945
1239568910
1039413502
276268457
276268070
276268454
1399030864
1159170164
1247343210
1004287110
898023861
1399485424
1328076836
276268226
274450056
335246945
1239568910
1039413502
276268457
276268070
276268454
1399030864
1004287110
1245385418
1319179843
959129659
996770623
554549504
115594899
175107566
1324304461
966591983
253191823
1025399574
297680411
323983193
1093272481
410937196
630839767
901453417
1120485668
1247694648
1143172060
73331469
416046902
630831189
488986142
1083180382
1321205306
1357401021
1370854773
1330534712
282825594
967352832
441028270
1010686786
1223782070
79898010
84885574
185237578
77244958
799239198
437751010
1208147571
1071171446
317323437
596024360
1365026566
1259394657
1367495532
1296570107
1330684764
507938401
1159170164
898023861
1245331505
251471480
275458204
398500515
499682376
918330871
380864498
964623770
462443971
1260504024
1271167671
1076170311
893729387
1211183700
1389016537
1191490065
1323041010
327725953
580709168
385051731
1115818419
1271236770
189053885
956638541
1047430562
917516163
1161185862
105924375
465081916
592027675
1006030122
1372974401
1395523138
376729033
998836325
1313563078
1119389968
278981407
1264843400
1297819831
1150124880
354668519
173001861
1272970334
978052928
283605519
809264944
1384638621
1382244741
1324249769
1205030005
1315040130
1122804248
1374912854
1375263580
1380252026
1272970334
809264944
1382244741
1380252026
1346963040
1385792633
1337100398
1144712710
541481026
1217657323
1322200189
393525078
1242326664
1058439240
1142107621
646537599
1082678396
310656913
1353825999
1187326340
1170087042
79063354
160064459
1018381396
778339885
1256010493
553373074
215517191
452620851
847606288
1085300491
1004494626
140685432
1004885814
272230438
689854999
326483650
474763572
294538227
641171423
304531053
1381147591
659155419
1316747526
494424256
977676980
1151965239
119777571
706518211
493845276
1130107999
695268752
302187586
1344584110
254465298
1113286580
1192810215
189512936
284148583
1159658733
173001861
978052928
283605519
1384638621
1315040130
1087110764
1388645349
1337195586
261654474
1326393257
1081124929
1078112813
1244959034
1313596069
703889772
1369567177
1038514498
1182568087
1275078406
1081244497
1396058631
1117202653
1371558952
1389951701
1242537529
1161435501
1223800705
1039692339
1088587697
1390954299
952002084
1151856991
1168154281
1099053340
1397572694
1380336613
1091031079
717265500
1097108911
161198236
1097108911
1334991206
1201314368
318990530
1329608216
1301267122
1267337360
202795271
316019334
1048210550
659650530
959303942
1347380345
884385830
946777369
968633874
1046976754
1247862838
1358829583
268252729
952002084
1118453108
958764070
1044408194
1151555313
1352051443
264665898
1155102452
1212485340
1131365157
972511552
299346780
270421324
1123095226
982033420
392721385
309907242
1225469179
924265861
1166211213
1382371884
1076462336
993270804
73800698
702998658
972135351
943522872
1128505599
1396976698
717235999
207050092
623400860
80530543
1104535262
251854201
1073989433
492175596
92613227
403272013
287700520
1389951701
1039692339
1088587697
1099053340
1380336613
717265500
161198236
1164631872
214886950
1097690232
377008759
210903888
738323123
433409385
490043025
1313795424
1043612702
1368653994
162197885
267726144
